77105226351703841466967377129272465249607098528824942348427245249933990690817
77105226351703841466967377129272465249607098528824942348427247573202060181505
77105226351703841466967377129272465249607098528824942348427248674912711213057
77105226351703841466967377129272465249607098528824942348427239937093805277185
77105226351703841466967377129272465249607098528824942348427242442880804978689
77105226351703841466967377129272465249607098528824942348427244856308827947009
77105226351703841466967377129272465249607098528824942348427246304365641728001
77105226351703841466967377129272465249607098528824942348427246310962711494657
77105226351703841466967377129272465249607098528824942348427246313161734750209
77105226351703841466967377129272465249607098528824942348427247197169083482113
77105226351703841466967377129272465249607098528824942348427243940415642009601
